--- minres_step after 1st iteration ---
x: [0.2935689384532303, 0.4787384551474214, 1.4137940338606605, 0.7509951258245183, 0.12544800109797558, 0.19411063210944887, 0.6082734921704207, 0.6785608438353774, 0.8323823636125675, 0.5951307401949543, 0.8012341663469849, 0.9088969110133353, -0.1384977887607475, 1.0892559968193705, 0.9682627204130556, 0.18160394380756237, -0.1473523209081453, 0.9989627136027629, 0.886085481930694, 0.4689014062598442]
r: [-3.6437500939991936, -4.5732736981534545, -1.4054391038712988, -0.5319509068329227, 0.6762623638948482, -5.99464614305466, -0.4621970863968348, -0.8075595905891519, -1.1446051009896852, -0.8854770608469138, -2.5596353434067955, 0.306625064563935, 5.5287448332476306, 0.5049968118578767, 3.8671151231095915, 4.634866573028614, -0.08404100226906053, -0.31427713383589495, -1.4622702032514674, -2.9616223092202842]
p0: [445.80187914730584, 483.78772545721876, 148.64843511729163, 59.97180764319958, 35.30051551423224, 612.8665473279868, 78.12956541494158, 113.69443313215237, 111.85199100564147, 183.96623211521816, 211.24689748040868, -18.938457449894702, -402.0004415157167, -123.54664781210633, -361.5955682515153, -330.2968394918388, 43.243896288944484, 21.509249350607014, 214.46786491799918, 311.3619383844765]
p1: [-52.379770880716244, -13.458193655085115, -4.117166246685225, -4.118851527868509, -71.76313874879777, -2.9494463371114037, -21.5420415725053, -21.889036281203882, 3.0040266392763537, -64.93822471801168, 33.559633075399425, -8.415675512427843, -109.963411223951, 49.894732643250315, -21.403471128133248, -96.81594272564979, -23.96218538580274, 7.177292346181922, -45.57060231843038, -7.379088866354522]
p2: [-3.1230338968542766, -6.3725863821142745, 7.4488915274290886, -3.4172122473005726, -2.749151609923067, -12.735999553383751, -2.9434606845296423, -1.735086752702991, -3.2331501847367905, 3.849008375672947, -8.6781628009733, -0.13457974693832392, -0.907592592564426, -6.594051159969983, 2.9360700832789366, 2.21722128371112, -14.940881077698377, -1.1760488349382374, 5.491489686866309, -7.515560964589542]
s0: [-241.44426839641926, 3264.1138014180005, 3563.3310941539785, 2892.9923059403236, -724.1728970044554, 2067.826294978528, 48.41517201496192, -700.0192312665818, 2986.1286498460036, -2356.6021793201085, -71.57996731346515, 2183.603568350662, -952.6411866281708, -128.8293823466623, -368.67790933140833, -2071.798951318713, 956.0237084691826, 14.395132462859976, 2811.3142480509323, 1336.6224485252474]
s1: [473.8764066115086, 97.89041567887257, 693.8795798994734, -161.65633063779146, 181.71277089886095, -271.97559845690205, -27.411380366066407, 95.07966974869406, -130.57577385452433, 763.6625908598443, -560.4090055606981, 11.486148545037903, 55.59380637564887, -825.6087217183706, -52.850310352223985, 285.4595886083027, -897.5254318833709, -95.53733415767745, 818.2045665864757, -184.03815680044735]
s2: [-67.98813152273142, -45.30723204516555, 33.11105130819761, -21.197462554121888, -85.50290309476833, -66.6016770624936, -36.25292765863069, -30.5606872064948, -13.154675366488181, -45.70157445233458, -9.812260788496147, -9.088280836193405, -114.49939545231177, 16.938853201666245, -6.729521935263657, -85.73467029560231, -98.6340166474082, 1.2996121945744257, -18.125126436515604, -44.940508254252585]
α: 0.009849992890099002
β1: -4.743822708161941
β2: 70.57426411863977